Generating Data of 10000 users and 50000 songs
Input Data
  (234, 0)	0.0020080321285140474
  (284, 0)	0.0020080321285140474
  (554, 0)	0.0020080321285140474
  (654, 0)	0.0020080321285140474
  (655, 0)	0.0020080321285140474
  (715, 0)	0.0020080321285140474
  (718, 0)	0.0020080321285140474
  (1068, 0)	0.0020080321285140474
  (1081, 0)	0.0020080321285140474
  (1168, 0)	0.0020080321285140474
  (1178, 0)	0.0020080321285140474
  (1329, 0)	0.0020080321285140474
  (1401, 0)	0.0020080321285140474
  (1410, 0)	0.0020080321285140474
  (1418, 0)	0.0020080321285140474
  (1505, 0)	0.0020080321285140474
  (1834, 0)	0.0020080321285140474
  (1864, 0)	0.0020080321285140474
  (2001, 0)	0.0020080321285140474
  (2009, 0)	0.0020080321285140474
  (2108, 0)	0.0020080321285140474
  (2568, 0)	0.0020080321285140474
  (2597, 0)	0.0020080321285140474
  (2614, 0)	0.0020080321285140474
  (2654, 0)	0.0020080321285140474
  :	:
  (46772, 9999)	0.0021367521367521274
  (46845, 9999)	0.0021367521367521274
  (46956, 9999)	0.0021367521367521274
  (47223, 9999)	0.0021367521367521274
  (47226, 9999)	0.0021367521367521274
  (47249, 9999)	0.0021367521367521274
  (47816, 9999)	0.0021367521367521274
  (47987, 9999)	0.0021367521367521274
  (48174, 9999)	0.0021367521367521274
  (48177, 9999)	0.0021367521367521274
  (48208, 9999)	0.0021367521367521274
  (48272, 9999)	0.0021367521367521274
  (48362, 9999)	0.0021367521367521274
  (48435, 9999)	0.0021367521367521274
  (48455, 9999)	0.0021367521367521274
  (48629, 9999)	0.0021367521367521274
  (48690, 9999)	0.0021367521367521274
  (48699, 9999)	0.0021367521367521274
  (48872, 9999)	0.0021367521367521274
  (48895, 9999)	0.0021367521367521274
  (48944, 9999)	0.0021367521367521274
  (48959, 9999)	0.0021367521367521274
  (49205, 9999)	0.0021367521367521274
  (49395, 9999)	0.0021367521367521274
  (49878, 9999)	0.0021367521367521274
Performing SVD...
Variance ratio Of all components
[0.00010072 0.0001956  0.00019459 0.00019416 0.00019349 0.00019311]
Sigma - Diagonal entries
0.00107166763284
[0.44943705 0.06228503 0.06212319 0.0620545  0.06194834 0.06188683]
VT Matrix
[[ 9.98653419e-03  1.00204573e-02  1.00662536e-02 ...  9.98956135e-03
   9.94894491e-03  9.97071330e-03]
 [ 8.71880749e-03 -4.67758838e-03  8.22136377e-03 ... -1.64330349e-02
   3.91521867e-03  2.02731293e-03]
 [ 5.54574513e-03 -2.48751630e-03  7.52217388e-03 ...  2.78067118e-03
  -6.96439928e-03 -3.08422413e-02]
 [ 1.19073252e-02  1.61755321e-02  7.04017908e-04 ...  1.52876967e-03
   2.27425116e-02  9.49361597e-05]
 [-1.04625398e-02  1.39218786e-02  2.10513599e-03 ...  7.31721559e-03
  -8.59085947e-03  1.60244740e-02]
 [ 1.03869283e-02  5.36321316e-05 -1.63757259e-02 ... -1.96211435e-03
  -5.40683876e-04  1.56743824e-02]]
Time taken to perform SVD:
3.83247113228  Seconds
