Generating Data of 10000 users and 50000 songs
Input Data
  (234, 0)	0.0020080321285140474
  (284, 0)	0.0020080321285140474
  (554, 0)	0.0020080321285140474
  (654, 0)	0.0020080321285140474
  (655, 0)	0.0020080321285140474
  (715, 0)	0.0020080321285140474
  (718, 0)	0.0020080321285140474
  (1068, 0)	0.0020080321285140474
  (1081, 0)	0.0020080321285140474
  (1168, 0)	0.0020080321285140474
  (1178, 0)	0.0020080321285140474
  (1329, 0)	0.0020080321285140474
  (1401, 0)	0.0020080321285140474
  (1410, 0)	0.0020080321285140474
  (1418, 0)	0.0020080321285140474
  (1505, 0)	0.0020080321285140474
  (1834, 0)	0.0020080321285140474
  (1864, 0)	0.0020080321285140474
  (2001, 0)	0.0020080321285140474
  (2009, 0)	0.0020080321285140474
  (2108, 0)	0.0020080321285140474
  (2568, 0)	0.0020080321285140474
  (2597, 0)	0.0020080321285140474
  (2614, 0)	0.0020080321285140474
  (2654, 0)	0.0020080321285140474
  :	:
  (46772, 9999)	0.0021367521367521274
  (46845, 9999)	0.0021367521367521274
  (46956, 9999)	0.0021367521367521274
  (47223, 9999)	0.0021367521367521274
  (47226, 9999)	0.0021367521367521274
  (47249, 9999)	0.0021367521367521274
  (47816, 9999)	0.0021367521367521274
  (47987, 9999)	0.0021367521367521274
  (48174, 9999)	0.0021367521367521274
  (48177, 9999)	0.0021367521367521274
  (48208, 9999)	0.0021367521367521274
  (48272, 9999)	0.0021367521367521274
  (48362, 9999)	0.0021367521367521274
  (48435, 9999)	0.0021367521367521274
  (48455, 9999)	0.0021367521367521274
  (48629, 9999)	0.0021367521367521274
  (48690, 9999)	0.0021367521367521274
  (48699, 9999)	0.0021367521367521274
  (48872, 9999)	0.0021367521367521274
  (48895, 9999)	0.0021367521367521274
  (48944, 9999)	0.0021367521367521274
  (48959, 9999)	0.0021367521367521274
  (49205, 9999)	0.0021367521367521274
  (49395, 9999)	0.0021367521367521274
  (49878, 9999)	0.0021367521367521274
Performing SVD...
singular values
[1.30141324 0.45593039 0.45408455 0.45103374 0.44887811 0.4468027 ]
Left singular values
[[ 0.00249193  0.00152921 -0.00370604  0.00083083 -0.00056447  0.00387188]
 [-0.01360913  0.0299074  -0.02607957 -0.00215546  0.01247407  0.01236376]
 [ 0.02146397  0.00028879 -0.01246354 -0.00587028 -0.00184393  0.00525769]
 ...
 [ 0.          0.          0.          0.          0.          0.        ]
 [ 0.          0.          0.          0.          0.          0.        ]
 [ 0.          0.          0.          0.          0.          0.        ]]
Time taken to perform SVD:
0.14587020874  Seconds
