Generating Data of 10000 users and 50000 songs
Input Data
  (234, 0)      0.0020080321285140474
  (284, 0)      0.0020080321285140474
  (554, 0)      0.0020080321285140474
  (654, 0)      0.0020080321285140474
  (655, 0)      0.0020080321285140474
  (715, 0)      0.0020080321285140474
  (718, 0)      0.0020080321285140474
  (1068, 0)     0.0020080321285140474
  (1081, 0)     0.0020080321285140474
  (1168, 0)     0.0020080321285140474
  (1178, 0)     0.0020080321285140474
  (1329, 0)     0.0020080321285140474
  (1401, 0)     0.0020080321285140474
  (1410, 0)     0.0020080321285140474
  (1418, 0)     0.0020080321285140474
  (1505, 0)     0.0020080321285140474
  (1834, 0)     0.0020080321285140474
  (1864, 0)     0.0020080321285140474
  (2001, 0)     0.0020080321285140474
  (2009, 0)     0.0020080321285140474
  (2108, 0)     0.0020080321285140474
  (2568, 0)     0.0020080321285140474
  (2597, 0)     0.0020080321285140474
  (2614, 0)     0.0020080321285140474
  (2654, 0)     0.0020080321285140474
  :     :
  (46772, 9999) 0.0021367521367521274
  (46845, 9999) 0.0021367521367521274
  (46956, 9999) 0.0021367521367521274
  (47223, 9999) 0.0021367521367521274
  (47226, 9999) 0.0021367521367521274
  (47249, 9999) 0.0021367521367521274
  (47816, 9999) 0.0021367521367521274
  (47987, 9999) 0.0021367521367521274
  (48174, 9999) 0.0021367521367521274
  (48177, 9999) 0.0021367521367521274
  (48208, 9999) 0.0021367521367521274
  (48272, 9999) 0.0021367521367521274
  (48362, 9999) 0.0021367521367521274
  (48435, 9999) 0.0021367521367521274
  (48455, 9999) 0.0021367521367521274
  (48629, 9999) 0.0021367521367521274
  (48690, 9999) 0.0021367521367521274
  (48699, 9999) 0.0021367521367521274
  (48872, 9999) 0.0021367521367521274
  (48895, 9999) 0.0021367521367521274
  (48944, 9999) 0.0021367521367521274
  (48959, 9999) 0.0021367521367521274
  (49205, 9999) 0.0021367521367521274
  (49395, 9999) 0.0021367521367521274
  (49878, 9999) 0.0021367521367521274
Performing SVD...
singular values
[1.93828613 0.45592546 0.45274776 0.45186147 0.44753723 0.44669961]
Left singular values
[[-0.01497065  0.00379362 -0.00269208  0.02110164 -0.00392485  0.01143065]
 [-0.01498005  0.00058784 -0.00601338 -0.00365095  0.00058866 -0.00192228]
 [-0.02131262 -0.0130622   0.01772128 -0.00486674  0.00138995  0.00194124]
 ...
 [ 0.          0.          0.          0.          0.          0.        ]
 [ 0.          0.          0.          0.          0.          0.        ]
 [ 0.          0.          0.          0.          0.          0.        ]]
Time taken to perform SVD:
0.29039426068186147  Seconds