Generating Data of 10000 users and 50000 songs
Input Data
  (234, 0)      0.0020080321285140474
  (284, 0)      0.0020080321285140474
  (554, 0)      0.0020080321285140474
  (654, 0)      0.0020080321285140474
  (655, 0)      0.0020080321285140474
  (715, 0)      0.0020080321285140474
  (718, 0)      0.0020080321285140474
  (1068, 0)     0.0020080321285140474
  (1081, 0)     0.0020080321285140474
  (1168, 0)     0.0020080321285140474
  (1178, 0)     0.0020080321285140474
  (1329, 0)     0.0020080321285140474
  (1401, 0)     0.0020080321285140474
  (1410, 0)     0.0020080321285140474
  (1418, 0)     0.0020080321285140474
  (1505, 0)     0.0020080321285140474
  (1834, 0)     0.0020080321285140474
  (1864, 0)     0.0020080321285140474
  (2001, 0)     0.0020080321285140474
  (2009, 0)     0.0020080321285140474
  (2108, 0)     0.0020080321285140474
  (2568, 0)     0.0020080321285140474
  (2597, 0)     0.0020080321285140474
  (2614, 0)     0.0020080321285140474
  (2654, 0)     0.0020080321285140474
  :     :
  (46772, 9999) 0.0021367521367521274
  (46845, 9999) 0.0021367521367521274
  (46956, 9999) 0.0021367521367521274
  (47223, 9999) 0.0021367521367521274
  (47226, 9999) 0.0021367521367521274
  (47249, 9999) 0.0021367521367521274
  (47816, 9999) 0.0021367521367521274
  (47987, 9999) 0.0021367521367521274
  (48174, 9999) 0.0021367521367521274
  (48177, 9999) 0.0021367521367521274
  (48208, 9999) 0.0021367521367521274
  (48272, 9999) 0.0021367521367521274
  (48362, 9999) 0.0021367521367521274
  (48435, 9999) 0.0021367521367521274
  (48455, 9999) 0.0021367521367521274
  (48629, 9999) 0.0021367521367521274
  (48690, 9999) 0.0021367521367521274
  (48699, 9999) 0.0021367521367521274
  (48872, 9999) 0.0021367521367521274
  (48895, 9999) 0.0021367521367521274
  (48944, 9999) 0.0021367521367521274
  (48959, 9999) 0.0021367521367521274
  (49205, 9999) 0.0021367521367521274
  (49395, 9999) 0.0021367521367521274
  (49878, 9999) 0.0021367521367521274
Performing SVD...
singular values
[1.55480197 0.45640196 0.45482216 0.45203737 0.44559402 0.44382032]
Left singular values
[[-0.00517945 -0.02042937  0.00558844  0.02049048  0.00371124 -0.00212492]
 [-0.01427393  0.00610969  0.00109725  0.00018171  0.00570804  0.00849194]
 [ 0.00718727 -0.00193401 -0.00554563 -0.01841745  0.00253602 -0.00291889]
 ...
 [ 0.          0.          0.          0.          0.          0.        ]
 [ 0.          0.          0.          0.          0.          0.        ]
 [ 0.          0.          0.          0.          0.          0.        ]]
Time taken to perform SVD:
0.1880889283015313  Seconds